 &CHAOSINPUT
 NUMXPIXELS =         -1
 NUMYPIXELS =         -1
 NUMCOLORS =          -1
 A =        -1.590000
 B =     5.900000E-01
 C =     1.800000E-01
 D =     5.900000E-01
 X1_INP =     1.060000E-01
 Y1_INP =    -1.020000E-01
 IWASTE =         5000
 IMINMAX =         1000
 IIMAGE =    300000000
 LROTAT =  F
 ROTMAG =     5.235988E-01
 SCALMM =         1.400000
 IDIV =            1
 ICHAOS =            5
 /
