 &CHAOSINPUT
 NUMXPIXELS =         -1
 NUMYPIXELS =         -1
 NUMCOLORS =          -1
 A =        -1.061500
 B =     6.924000E-01
 C =    -1.295000E-01
 D =     7.120000E-01
 X1_INP =    -3.106000E-02
 Y1_INP =    -1.020000E-02
 IWASTE =         5000
 IMINMAX =         5000
 IIMAGE =   2147483000
 LROTAT =  T
 ROTMAG =     5.235988E-01
 SCALMM =         1.200000
 IDIV =            1
 ICHAOS =            4
 /
