 &CHAOSINPUT
 NUMXPIXELS =         -1
 NUMYPIXELS =         -1
 NUMCOLORS =          -1
 A =        -1.720000
 B =     9.680000E-01
 C =    -1.590000E-01
 D =     8.731000E-01
 X1_INP =     6.080415E-03
 Y1_INP =    -8.462461E-02
 IWASTE =         1000
 IMINMAX =         3000
 IIMAGE =   2147483000
 LROTAT =  F
 ROTMAG =     5.235988E-01
 SCALMM =         1.100000
 IDIV =            1
 ICHAOS =            3
 /
