 &CHAOSINPUT
 NUMXPIXELS =         -1
 NUMYPIXELS =         -1
 NUMCOLORS =          -1
 A =        -1.061500
 B =     6.924000E-01
 C =     1.290000E-01
 D =    -7.120000E-01
 X1_INP =    -3.106000E-02
 Y1_INP =    -1.020000E-02
 IWASTE =         1000
 IMINMAX =         1000
 IIMAGE =    300000000
 LROTAT =  F
 ROTMAG =     5.235988E-01
 SCALMM =         1.200000
 IDIV =          100
 ICHAOS =            4
 /
