 &CHAOSINPUT
 NUMXPIXELS =         -1
 NUMYPIXELS =         -1
 NUMCOLORS =          -1
 A =        -1.550000
 B =     5.275000E-01
 C =     1.000000E-01
 D =     5.900000E-01
 X1_INP =     2.378550E-01
 Y1_INP =    -3.076079E-01
 IWASTE =         5000
 IMINMAX =         1000
 IIMAGE =    300000000
 LROTAT =  F
 ROTMAG =     5.235988E-01
 SCALMM =         1.400000
 IDIV =            1
 ICHAOS =            5
 /
